20 20
96 70 88 20 14 56 26 06 04 69 92 37 10 43 08 38 97 59 81 66
93 88 05 59 23 85 02 15 46 39 24 86 02 47 03 50 39 43 80 18
80 16 57 40 10 87 74 26 48 63 07 02 72 95 14 24 54 46 39 72
54 22 28 35 53 66 97 64 04 58 71 17 05 95 50 09 53 66 73 91
34 96 96 17 07 78 72 13 10 84 92 12 68 72 35 00 37 05 48 56
72 68 61 83 50 07 18 97 66 60 44 78 78 37 15 25 72 47 15 70
87 22 54 13 69 99 66 01 80 02 40 51 51 50 82 68 85 51 55 41
64 44 83 61 83 70 22 54 55 77 56 72 44 80 57 27 51 39 54 55
57 55 92 22 19 84 41 26 68 03 79 85 13 24 30 51 53 28 44 78
50 00 66 01 98 00 13 21 08 43 23 51 43 10 53 77 77 17 25 29
71 82 26 96 53 07 32 57 11 60 99 41 65 53 07 21 12 44 18 19
40 39 70 69 81 42 00 72 63 48 56 97 68 19 16 29 52 25 51 56
18 32 39 74 56 73 99 42 76 56 10 80 12 08 97 30 83 17 12 09
90 54 85 34 94 16 98 41 31 01 83 53 61 22 73 84 45 49 76 19
77 48 14 09 50 38 04 36 41 03 17 09 87 68 78 98 09 95 79 06
76 12 86 92 70 94 24 83 40 04 02 75 58 63 98 27 80 96 53 86
05 47 98 63 51 93 26 17 96 30 31 33 99 62 25 88 28 10 23 94
63 25 65 83 73 26 40 98 07 88 50 28 06 66 90 24 67 79 40 16
22 84 23 63 68 34 68 94 96 63 74 45 88 54 04 99 94 38 60 90
49 38 50 78 45 96 25 88 42 01 30 53 84 64 44 64 01 80 71 14
