50
06 23 69 52 53 16 94 62 92 40 35 94 97 90 93 34 27 33 40 22 14 48 81 91 19 64 52 73 35 40 99 67 46 21 86 06 29 86 35 51 75 73 28 50 08 81 45 40 07 35
34 61 68 94 71 09 24 31 07 17 67 08 95 92 80 19 11 75 42 45 85 37 92 24 51 02 78 71 29 22 44 26 63 36 94 87 76 87 61 18 26 65 32 52 65 68 45 87 85 74
85 27 73 36 64 14 24 89 59 15 96 59 54 23 38 82 90 06 63 56 75 03 72 68 50 92 19 54 02 15 70 70 64 40 44 56 05 86 73 93 27 08 60 53 45 60 53 69 39 37
68 28 69 39 32 96 16 64 30 25 29 72 15 84 55 54 53 12 47 34 46 65 52 87 97 43 63 35 46 90 24 26 17 90 78 87 47 93 35 24 06 64 01 63 71 44 63 71 67 61
98 49 01 04 38 06 96 54 51 90 80 85 93 69 40 28 92 42 61 97 08 45 18 58 14 08 04 18 92 01 09 64 03 07 67 57 65 81 25 12 59 02 07 33 42 63 42 47 87 87
78 37 43 36 14 39 96 13 30 80 00 98 59 56 77 03 56 81 14 07 24 43 24 50 60 20 44 80 24 96 42 72 11 76 53 24 21 75 84 05 37 09 02 52 57 16 31 53 17 43
10 48 62 13 05 94 47 04 17 61 07 37 42 08 51 14 79 77 20 61 09 54 67 15 19 50 92 84 28 79 99 60 21 56 80 77 56 73 07 37 03 33 00 57 84 59 47 10 99 36
30 57 05 10 31 04 57 21 13 56 81 43 62 80 87 60 50 00 27 28 18 51 74 79 71 10 78 86 41 35 08 88 58 23 17 49 00 56 26 79 47 64 73 54 39 06 93 19 14 63
14 19 45 59 40 41 54 72 88 09 43 27 71 09 88 53 58 18 89 48 87 34 41 57 65 40 90 98 08 93 51 22 50 33 26 61 46 86 96 31 53 01 17 55 20 90 35 93 65 31
43 02 80 40 99 82 65 00 98 10 06 23 58 17 23 79 08 14 94 74 76 97 53 44 75 69 67 68 68 42 46 92 28 99 51 34 46 06 84 84 69 89 87 57 40 71 19 31 33 03
44 48 61 70 41 34 92 54 41 37 01 90 76 99 97 08 39 94 26 18 53 50 90 07 23 20 29 05 70 66 94 33 64 03 39 37 61 63 13 29 87 09 24 56 90 42 50 07 56 18
07 23 29 78 12 30 74 45 26 21 38 58 93 96 18 88 56 86 06 06 20 66 57 13 47 01 23 41 00 64 22 17 29 44 41 66 39 66 79 45 89 53 33 95 68 62 09 65 20 35
61 47 29 08 87 57 76 25 26 18 16 32 95 35 04 32 57 52 27 89 41 51 17 48 00 74 25 05 16 49 58 36 56 79 84 69 86 04 48 46 70 99 95 39 97 28 13 28 46 11
09 62 84 17 31 81 37 11 15 93 49 24 64 37 23 25 74 28 86 30 25 00 15 26 81 72 96 46 55 84 26 00 90 21 37 46 22 01 66 85 34 53 22 34 60 93 22 43 51 94
12 55 26 98 17 89 44 67 47 02 13 56 02 68 30 55 96 91 40 63 13 08 89 62 95 02 33 85 92 16 39 63 76 59 44 90 93 21 78 46 77 44 78 11 23 91 95 28 13 66
17 11 61 14 49 00 28 84 83 58 93 26 88 94 58 20 52 43 74 17 62 66 08 46 57 72 89 37 28 52 25 49 90 06 45 73 97 30 53 03 76 70 79 07 08 88 13 54 41 89
25 65 04 24 81 40 94 15 64 83 36 43 16 08 02 41 84 40 61 76 31 50 73 39 43 47 78 83 50 52 93 72 34 88 73 51 94 64 06 89 53 38 43 97 45 06 46 84 33 05
02 89 54 14 90 29 78 62 24 94 14 95 08 01 59 98 20 15 52 28 76 84 45 72 66 87 26 66 12 50 46 13 13 10 19 29 95 82 28 33 01 09 54 20 27 49 31 45 04 37
03 72 27 11 16 32 30 49 82 74 10 87 92 58 49 07 84 11 69 48 70 31 61 34 65 29 40 10 69 47 27 96 70 33 50 44 19 30 93 46 53 18 11 95 96 79 66 03 57 84
02 57 69 42 87 75 80 07 34 80 82 19 61 42 14 43 15 11 49 62 58 05 74 25 66 46 00 33 64 00 90 19 91 40 42 31 97 53 95 41 53 43 57 00 12 99 46 02 08 53
04 24 39 85 90 75 35 52 24 57 16 73 16 46 71 84 70 13 97 01 08 78 04 60 89 89 82 93 12 15 39 32 00 34 34 74 38 37 33 11 57 14 62 05 44 30 66 47 95 68
48 12 91 02 21 74 93 81 12 98 44 71 68 69 50 98 83 75 49 65 54 49 90 22 86 27 73 37 18 88 06 81 56 55 60 94 15 91 68 31 21 90 67 16 15 17 79 70 70 78
28 00 48 13 92 86 06 79 79 08 31 81 66 04 62 69 71 94 29 10 96 60 08 59 13 81 22 12 33 02 24 47 19 60 76 70 90 78 46 26 96 33 29 24 36 59 80 87 53 46
25 10 64 22 40 73 50 80 73 50 37 45 22 32 42 81 33 47 65 08 50 29 61 19 88 32 61 59 30 67 09 91 01 73 90 24 37 19 64 69 02 22 32 89 82 71 36 94 56 13
58 72 57 51 62 68 61 30 34 70 17 28 00 11 38 77 64 00 54 43 52 88 10 22 09 21 62 94 13 87 26 28 72 34 36 63 63 32 27 63 55 98 65 54 33 96 98 81 10 41
22 65 82 66 32 22 15 01 63 95 54 26 35 90 83 98 88 45 73 97 35 31 81 71 90 75 62 42 47 72 06 44 74 13 76 78 57 80 53 63 28 57 40 57 93 25 60 86 55 84
22 47 26 63 43 82 13 36 79 67 63 11 05 95 66 73 84 71 77 23 70 08 70 90 67 18 43 07 00 83 30 08 82 19 55 92 53 12 76 16 43 10 62 61 87 84 82 04 76 25
30 35 83 33 41 09 31 48 01 99 29 39 86 36 09 55 29 41 93 77 03 22 31 02 09 57 70 91 64 16 68 78 28 19 46 07 15 09 21 46 25 93 33 70 63 38 38 18 53 47
70 14 48 16 84 30 34 24 29 70 99 51 50 90 91 95 24 90 58 52 57 85 95 85 61 60 03 61 90 46 95 06 78 63 42 78 01 38 86 20 61 88 15 43 23 03 26 70 29 85
88 42 16 68 54 75 09 09 09 98 43 54 20 91 38 59 26 41 22 71 81 67 16 46 58 29 23 56 23 63 92 93 39 95 64 75 39 50 50 49 67 51 21 88 10 92 97 32 73 01
65 02 99 36 41 05 75 52 79 65 48 66 57 87 22 56 27 59 98 95 24 54 84 41 72 63 04 95 89 89 97 53 69 77 65 47 79 93 32 66 96 97 33 10 66 74 12 99 90 25
23 49 60 01 08 45 86 12 28 98 26 56 02 68 06 53 60 80 94 70 34 68 98 00 57 06 91 30 65 28 07 04 39 95 43 24 40 95 87 24 77 31 92 16 40 26 81 47 89 85
29 66 34 84 16 09 53 97 66 77 39 67 47 86 65 50 82 65 36 45 92 57 48 06 01 83 77 28 48 92 39 19 52 78 75 49 36 09 81 18 08 59 77 72 63 63 92 14 92 55
85 53 20 65 27 24 47 53 77 23 93 68 66 73 57 12 38 08 35 46 29 06 92 10 10 52 61 62 51 69 83 13 71 70 25 95 04 46 07 00 92 96 50 37 47 58 54 96 16 72
50 29 95 20 66 80 33 49 00 19 46 73 55 45 36 76 23 43 42 51 33 11 34 29 96 66 09 28 15 29 31 81 77 40 51 98 39 27 28 78 20 95 14 88 52 98 69 13 43 95
34 57 22 93 46 96 16 76 76 26 88 98 25 97 57 85 20 05 41 70 32 78 61 74 03 34 35 89 86 97 70 05 78 00 94 66 34 34 29 28 04 02 68 49 00 00 94 48 54 28
60 76 05 61 02 64 34 72 79 53 55 96 35 94 52 35 62 28 57 43 37 54 17 85 96 82 18 39 47 72 28 53 87 57 24 58 88 47 86 45 05 26 98 94 74 47 00 20 32 89
15 45 50 72 26 01 47 57 47 21 00 33 38 81 43 09 44 67 15 97 40 95 55 41 77 63 90 89 83 99 45 41 71 31 12 96 97 01 49 59 08 81 13 00 20 04 51 28 73 25
45 26 81 58 35 69 51 76 53 97 79 43 29 77 58 38 09 22 47 37 76 69 15 74 95 46 42 46 35 02 38 80 62 71 00 01 16 79 64 18 49 00 92 18 19 94 64 69 09 37
13 08 79 65 17 89 69 32 18 53 00 56 54 66 75 40 94 25 10 50 46 42 93 22 86 69 90 74 08 98 58 33 89 61 16 35 35 08 65 22 58 49 14 95 11 77 06 80 40 91
34 39 90 90 07 08 57 02 81 71 48 17 87 81 20 76 01 22 71 22 90 05 99 42 62 69 44 10 57 39 99 45 81 81 00 31 29 14 12 10 09 71 82 57 36 63 01 55 99 53
54 19 58 77 84 58 35 18 98 09 63 66 62 74 41 90 87 59 63 24 95 01 47 72 43 34 76 95 96 28 95 22 16 95 79 47 52 59 55 61 07 76 74 30 75 55 68 36 29 41
27 88 78 11 34 58 18 47 88 74 02 50 30 74 02 05 53 37 89 90 51 08 86 58 97 13 64 21 31 42 35 56 97 28 57 61 28 52 62 39 06 07 91 54 25 14 42 45 76 25
46 66 67 48 67 69 15 34 73 95 48 32 00 46 76 10 36 72 54 65 13 21 75 33 24 43 65 67 60 28 55 72 96 31 56 84 98 85 27 90 07 43 14 40 81 94 43 91 94 08
85 42 80 31 01 60 31 00 13 30 00 99 15 34 61 05 98 98 99 11 15 66 65 84 95 15 01 25 85 64 95 07 06 49 57 21 43 23 23 78 25 45 02 94 57 85 40 35 20 70
25 37 13 00 30 67 79 64 93 42 15 68 30 48 74 53 59 22 36 44 84 98 62 42 07 37 45 86 64 77 18 35 71 52 40 77 68 03 03 33 69 26 76 45 19 05 79 30 75 68
29 40 18 89 77 61 05 39 75 52 41 71 22 45 90 67 54 54 08 60 18 22 31 94 30 07 38 92 48 16 31 60 48 86 64 51 17 92 73 54 14 38 90 39 05 05 28 86 15 57
13 06 66 88 59 58 76 82 62 64 68 77 29 03 49 43 51 95 50 45 78 89 26 05 20 26 37 51 29 50 65 02 88 74 72 73 15 98 80 99 67 00 51 39 08 86 93 28 92 92
70 41 22 05 18 02 03 94 72 12 78 46 80 33 98 29 97 78 95 29 71 80 61 47 60 14 53 52 54 54 92 09 85 75 92 28 32 60 37 43 06 55 14 10 20 67 05 19 46 16
75 25 17 52 14 31 74 93 04 61 67 60 46 70 62 83 53 24 63 32 67 76 94 70 90 36 89 27 40 26 20 28 96 52 01 36 42 27 05 27 58 21 46 01 71 25 40 87 77 75